# SAXS profile: number of points = 505, q_min = 0.01125, q_max = 0.31771, delta_q = 0.000608055555555556
# offset = 0.00000000000000, scaling c = 1.88611609675033e-05, Chi = 1.23085176944733
#  q       exp_intensity   model_intensity
0.01125    711.58700000    699.52249064   
0.01186    693.08900000    696.09612453   
0.01247    688.16900000    692.46945853   
0.01307    690.18800000    688.81472178   
0.01368    696.17100000    684.87708419   
0.01429    684.25200000    680.82458961   
0.01490    682.83400000    676.64535630   
0.01551    678.37500000    672.27209706   
0.01612    671.21300000    667.81726503   
0.01672    663.31600000    663.26063546   
0.01733    666.13900000    658.51391141   
0.01794    657.76600000    653.67033224   
0.01855    649.94800000    648.71654877   
0.01916    653.19400000    643.62320447   
0.01976    638.29400000    638.47642905   
0.02037    639.46300000    633.13669610   
0.02098    622.64400000    627.72744232   
0.02159    624.35900000    622.15796195   
0.02220    618.54100000    616.53281987   
0.02280    611.24800000    610.89860919   
0.02341    599.57900000    605.07526710   
0.02402    596.38600000    599.20123278   
0.02463    590.03800000    593.20213021   
0.02524    587.65600000    587.15672948   
0.02584    579.59300000    581.14022746   
0.02645    574.44400000    574.94567700   
0.02706    569.63100000    568.71422289   
0.02767    560.83200000    562.39796909   
0.02828    556.14600000    556.04418506   
0.02889    544.46600000    549.64616898   
0.02949    541.98800000    543.29629349   
0.03010    531.70900000    536.81794665   
0.03071    529.12500000    530.29018529   
0.03132    521.10900000    523.79332978   
0.03193    517.34800000    517.21669055   
0.03254    508.46200000    510.60736441   
0.03314    503.81500000    504.09601631   
0.03375    494.96700000    497.45542196   
0.03436    490.96000000    490.80521799   
0.03497    484.91300000    484.14834067   
0.03558    477.14300000    477.48492132   
0.03618    472.16700000    470.93130099   
0.03679    463.04000000    464.27057793   
0.03740    457.89900000    457.61757522   
0.03801    451.62900000    450.96896640   
0.03862    442.15400000    444.34079929   
0.03922    435.47800000    437.83155023   
0.03983    429.13800000    431.23183010   
0.04044    423.27000000    424.70416491   
0.04105    416.40200000    418.14430561   
0.04166    412.34100000    411.62480185   
0.04226    402.22800000    405.23390709   
0.04287    397.83000000    398.76538971   
0.04348    390.86200000    392.34204783   
0.04409    384.39900000    385.94035598   
0.04470    379.83600000    379.59306182   
0.04530    373.27700000    373.38369430   
0.04591    365.43100000    367.10527452   
0.04652    360.93100000    360.89035335   
0.04713    352.10100000    354.70326275   
0.04774    347.81200000    348.61552471   
0.04835    340.16000000    342.53797821   
0.04895    334.71000000    336.59515308   
0.04956    329.84800000    330.63330535   
0.05017    322.89200000    324.70398448   
0.05078    317.32000000    318.84035771   
0.05139    314.37900000    313.03666687   
0.05199    306.98600000    307.36137424   
0.05260    300.93900000    301.68700260   
0.05321    296.83900000    296.04835793   
0.05382    290.65700000    290.47473258   
0.05443    285.98100000    285.00254358   
0.05504    279.44000000    279.53644797   
0.05564    275.51000000    274.25462862   
0.05625    266.83100000    268.92777010   
0.05686    263.12100000    263.66281884   
0.05747    257.42900000    258.47912345   
0.05808    252.40800000    253.33362838   
0.05868    248.50500000    248.36369211   
0.05929    243.50200000    243.36191218   
0.05990    238.53600000    238.44178466   
0.06051    233.61800000    233.58601263   
0.06112    229.88000000    228.76918664   
0.06173    224.96700000    224.03911499   
0.06233    220.62800000    219.44509153   
0.06294    217.04100000    214.82316740   
0.06355    210.77700000    210.29820964   
0.06416    207.60400000    205.81213255   
0.06477    203.20100000    201.40565631   
0.06537    197.58600000    197.15738826   
0.06598    195.17200000    192.85755658   
0.06659    190.05400000    188.66074902   
0.06720    185.54600000    184.50215343   
0.06781    180.52600000    180.41473306   
0.06841    178.02000000    176.46506342   
0.06902    172.86100000    172.48630818   
0.06963    170.35200000    168.60820990   
0.07024    165.96900000    164.78830081   
0.07085    161.74100000    161.01300686   
0.07146    158.02600000    157.31479610   
0.07206    154.63600000    153.71190656   
0.07267    150.91500000    150.14020407   
0.07328    147.24300000    146.61433135   
0.07389    143.70400000    143.14247228   
0.07450    139.56100000    139.76653257   
0.07510    137.40300000    136.46440455   
0.07571    132.98200000    133.18853471   
0.07632    130.63300000    129.96330618   
0.07693    126.76300000    126.78397135   
0.07754    124.35900000    123.68862751   
0.07814    120.77000000    120.67625718   
0.07875    118.40800000    117.69818133   
0.07936    114.61600000    114.76178765   
0.07997    112.16300000    111.86331664   
0.08058    109.25200000    109.05160115   
0.08118    107.11000000    106.31684468   
0.08179    103.21900000    103.59925784   
0.08240    101.63800000    100.93966811   
0.08301    98.35380000     98.32251654    
0.08362    95.74350000     95.78019964    
0.08422    93.33150000     93.31047920    
0.08483    91.17190000     90.85389260    
0.08544    88.71120000     88.45813084    
0.08605    87.01300000     86.09266345    
0.08666    84.20930000     83.81231220    
0.08727    81.62190000     81.55874162    
0.08787    79.58190000     79.38676466    
0.08848    77.23500000     77.24163358    
0.08909    75.84230000     75.12518953    
0.08970    72.73920000     73.07583819    
0.09031    71.30110000     71.07334982    
0.09091    68.64660000     69.13324114    
0.09152    66.82310000     67.22527457    
0.09213    65.02960000     65.34432487    
0.09274    63.14690000     63.52192537    
0.09335    61.74360000     61.74115764    
0.09395    59.65850000     60.02642134    
0.09456    58.66780000     58.34178886    
0.09517    56.50300000     56.68242888    
0.09578    54.83820000     55.07336821    
0.09639    53.11300000     53.50789557    
0.09699    51.40330000     51.99791104    
0.09760    50.29720000     50.52232097    
0.09821    48.42190000     49.07021097    
0.09882    47.48420000     47.66074683    
0.09943    46.03120000     46.29582818    
0.10004    44.78420000     44.95360403    
0.10064    43.29170000     43.69486714    
0.10125    42.48550000     42.43484255    
0.10186    41.10300000     41.21032760    
0.10247    40.15570000     40.03070058    
0.10308    38.62080000     38.87188809    
0.10368    37.64920000     37.78469627    
0.10429    36.69640000     36.70132882    
0.10490    35.78980000     35.64692673    
0.10551    34.77870000     34.63682102    
0.10612    33.99200000     33.64559001    
0.10673    32.71910000     32.69951563    
0.10733    31.74750000     31.79229919    
0.10794    31.12290000     30.89237245    
0.10855    30.11950000     30.03584895    
0.10916    29.49370000     29.19622836    
0.10977    28.61250000     28.39393998    
0.11037    28.10770000     27.62879773    
0.11098    27.11790000     26.86805363    
0.11159    26.33510000     26.14874222    
0.11220    25.55380000     25.44435933    
0.11281    25.02790000     24.77042104    
0.11341    24.06330000     24.13139421    
0.11402    23.65810000     23.49549197    
0.11463    23.04100000     22.89610490    
0.11524    22.22010000     22.31091470    
0.11585    21.59590000     21.75000728    
0.11646    21.19400000     21.21272621    
0.11706    20.29870000     20.69582247    
0.11767    20.01320000     20.19961702    
0.11828    19.53450000     19.71994825    
0.11889    19.34360000     19.25497419    
0.11950    18.84650000     18.81419232    
0.12010    18.19790000     18.39049902    
0.12071    17.98700000     17.98326786    
0.12132    17.27640000     17.59181853    
0.12193    17.34000000     17.21091357    
0.12254    16.71220000     16.85219041    
0.12314    16.58070000     16.50756823    
0.12375    16.25740000     16.17701261    
0.12436    15.85000000     15.85768575    
0.12497    15.55800000     15.54743027    
0.12558    15.08130000     15.25707853    
0.12618    14.90880000     14.97985767    
0.12679    14.58040000     14.70985043    
0.12740    14.50950000     14.45175378    
0.12801    14.19190000     14.20018898    
0.12862    13.90730000     13.96691381    
0.12923    13.42420000     13.73799303    
0.12983    13.58890000     13.52248037    
0.13044    13.05210000     13.31387765    
0.13105    13.22560000     13.11044451    
0.13166    12.70590000     12.92091600    
0.13226    12.45320000     12.73840547    
0.13287    12.72800000     12.55997502    
0.13348    12.51870000     12.39062268    
0.13409    12.37230000     12.22666511    
0.13470    12.16580000     12.07033943    
0.13531    12.01110000     11.91896343    
0.13591    11.74230000     11.77478049    
0.13652    11.66460000     11.63706922    
0.13713    11.58850000     11.50107303    
0.13774    11.46100000     11.37146792    
0.13835    11.26760000     11.24737509    
0.13895    11.16340000     11.12717222    
0.13956    11.13670000     11.01113378    
0.14017    10.89570000     10.89734018    
0.14078    10.67330000     10.78914656    
0.14139    10.76530000     10.68323260    
0.14200    10.60230000     10.57929709    
0.14260    10.47790000     10.48187562    
0.14321    10.41540000     10.38552299    
0.14382    10.29310000     10.29089360    
0.14443    10.27030000     10.19908189    
0.14503    10.06550000     10.11011209    
0.14564    9.93929000      10.02419675    
0.14625    10.02080000     9.93842451     
0.14686    9.93705000      9.85449420     
0.14747    9.75669000      9.77380829     
0.14808    9.76724000      9.69297668     
0.14868    9.57309000      9.61554832     
0.14929    9.63299000      9.53789353     
0.14990    9.40764000      9.46246849     
0.15051    9.39773000      9.38757924     
0.15112    9.22585000      9.31335992     
0.15172    9.06295000      9.24280195     
0.15233    9.02589000      9.17078319     
0.15294    9.12968000      9.09940623     
0.15355    8.88691000      9.02921686     
0.15416    8.96343000      8.96045721     
0.15476    8.91044000      8.89270171     
0.15537    8.78733000      8.82441708     
0.15598    8.70767000      8.75748348     
0.15659    8.79918000      8.69051581     
0.15720    8.46766000      8.62381195     
0.15781    8.53224000      8.55758379     
0.15841    8.47157000      8.49387615     
0.15902    8.32373000      8.42842571     
0.15963    8.28300000      8.36356830     
0.16024    8.18718000      8.29987143     
0.16084    8.21341000      8.23672631     
0.16145    7.96111000      8.17287252     
0.16206    8.13686000      8.11005703     
0.16267    7.89848000      8.04678611     
0.16328    8.01300000      7.98376274     
0.16389    7.80197000      7.92103110     
0.16449    7.91662000      7.86047153     
0.16510    7.69568000      7.79819951     
0.16571    7.75874000      7.73634792     
0.16632    7.60232000      7.67548068     
0.16693    7.63593000      7.61396007     
0.16753    7.58510000      7.55380232     
0.16814    7.54301000      7.49358663     
0.16875    7.49873000      7.43298016     
0.16936    7.35589000      7.37258648     
0.16997    7.47154000      7.31309230     
0.17057    7.29795000      7.25421153     
0.17118    7.29230000      7.19451457     
0.17179    7.06499000      7.13588352     
0.17240    7.12406000      7.07682173     
0.17301    6.98761000      7.01792518     
0.17361    6.95028000      6.96118434     
0.17422    6.94719000      6.90295460     
0.17483    6.70725000      6.84503667     
0.17544    6.78359000      6.78743384     
0.17605    6.57342000      6.73065644     
0.17666    6.57105000      6.67375059     
0.17726    6.61727000      6.61800610     
0.17787    6.42567000      6.56227451     
0.17848    6.36786000      6.50638080     
0.17909    6.58921000      6.45070364     
0.17969    6.43457000      6.39703719     
0.18030    6.44380000      6.34220381     
0.18091    6.41343000      6.28774168     
0.18152    6.37594000      6.23424916     
0.18213    6.24523000      6.18038936     
0.18274    6.03834000      6.12770192     
0.18334    6.14566000      6.07568393     
0.18395    6.01418000      6.02308912     
0.18456    5.97218000      5.97171414     
0.18517    5.88562000      5.92003628     
0.18578    5.89112000      5.86886003     
0.18638    5.93436000      5.81954118     
0.18699    5.69637000      5.76914813     
0.18760    5.79755000      5.71945840     
0.18821    5.65687000      5.67059754     
0.18882    5.57567000      5.62182354     
0.18942    5.62440000      5.57429736     
0.19003    5.66884000      5.52670779     
0.19064    5.60084000      5.47962682     
0.19125    5.57641000      5.43282371     
0.19186    5.53268000      5.38688163     
0.19246    5.52059000      5.34198879     
0.19307    5.40808000      5.29711670     
0.19368    5.40933000      5.25248869     
0.19429    5.26087000      5.20831056     
0.19490    5.30166000      5.16505670     
0.19551    5.12842000      5.12212439     
0.19611    5.14933000      5.08021448     
0.19672    4.94100000      5.03879793     
0.19733    4.97728000      4.99744564     
0.19794    5.05528000      4.95650029     
0.19854    5.05666000      4.91752066     
0.19915    4.95994000      4.87780696     
0.19976    4.98158000      4.83913954     
0.20037    4.89760000      4.80069098     
0.20098    4.76067000      4.76263450     
0.20158    4.76486000      4.72645829     
0.20219    4.70182000      4.68965474     
0.20280    4.67295000      4.65354159     
0.20341    4.68562000      4.61839967     
0.20402    4.50958000      4.58324071     
0.20463    4.45038000      4.54936149     
0.20523    4.40207000      4.51603869     
0.20584    4.45552000      4.48271391     
0.20645    4.49681000      4.45044043     
0.20706    4.34710000      4.41818427     
0.20767    4.38286000      4.38704310     
0.20827    4.22445000      4.35655688     
0.20888    4.30739000      4.32613039     
0.20949    4.35895000      4.29661912     
0.21010    4.21868000      4.26710731     
0.21071    4.22871000      4.23868797     
0.21131    4.21718000      4.21085340     
0.21192    4.17406000      4.18294758     
0.21253    4.02412000      4.15604537     
0.21314    4.04109000      4.12915548     
0.21375    4.04026000      4.10290778     
0.21435    4.02982000      4.07784344     
0.21496    3.78282000      4.05242758     
0.21557    3.90134000      4.02790391     
0.21618    3.84920000      4.00337284     
0.21679    3.98259000      3.97962375     
0.21739    3.98132000      3.95645839     
0.21800    3.87935000      3.93315588     
0.21861    3.93177000      3.91071016     
0.21922    3.75994000      3.88823810     
0.21983    3.78985000      3.86642191     
0.22043    3.68766000      3.84514928     
0.22104    3.76163000      3.82373310     
0.22165    3.71638000      3.80308494     
0.22226    3.70642000      3.78238917     
0.22287    3.79235000      3.76219259     
0.22347    3.70440000      3.74245481     
0.22408    3.64620000      3.72255953     
0.22469    3.60650000      3.70335506     
0.22530    3.68761000      3.68407412     
0.22591    3.81423000      3.66518279     
0.22651    3.59237000      3.64673866     
0.22712    3.62981000      3.62833867     
0.22773    3.59260000      3.60997304     
0.22834    3.57175000      3.59175838     
0.22895    3.50814000      3.57388327     
0.22956    3.50841000      3.55609893     
0.23016    3.49612000      3.53890339     
0.23077    3.38861000      3.52135749     
0.23138    3.55486000      3.50415408     
0.23199    3.52539000      3.48681490     
0.23259    3.57506000      3.46995801     
0.23320    3.51905000      3.45309715     
0.23381    3.49516000      3.43615398     
0.23442    3.44755000      3.41946931     
0.23503    3.40159000      3.40260798     
0.23564    3.42672000      3.38614375     
0.23624    3.26166000      3.36977714     
0.23685    3.31052000      3.35338838     
0.23746    3.34584000      3.33688978     
0.23807    3.22254000      3.32042629     
0.23867    3.39237000      3.30446778     
0.23928    3.21293000      3.28808163     
0.23989    3.27262000      3.27194601     
0.24050    3.17145000      3.25570507     
0.24111    3.11817000      3.23968971     
0.24172    3.18750000      3.22351669     
0.24232    3.12689000      3.20782236     
0.24293    3.14840000      3.19168291     
0.24354    3.17232000      3.17581251     
0.24415    3.12459000      3.15976019     
0.24476    3.19655000      3.14371678     
0.24536    3.08218000      3.12818895     
0.24597    3.12792000      3.11225075     
0.24658    3.07844000      3.09656629     
0.24719    3.24742000      3.08072347     
0.24779    3.22017000      3.06539011     
0.24840    3.16654000      3.04964396     
0.24901    3.10404000      3.03410382     
0.24962    2.97693000      3.01849925     
0.25023    3.07159000      3.00309841     
0.25083    2.93315000      2.98780276     
0.25144    2.99026000      2.97258020     
0.25205    2.89712000      2.95723655     
0.25266    2.91077000      2.94195915     
0.25327    2.96433000      2.92694224     
0.25388    2.95527000      2.91184652     
0.25448    2.94703000      2.89727509     
0.25509    2.89710000      2.88233378     
0.25570    2.96684000      2.86773149     
0.25631    2.91083000      2.85303396     
0.25692    2.93036000      2.83858957     
0.25752    2.87566000      2.82442046     
0.25813    2.76617000      2.81025857     
0.25874    2.79828000      2.79606945     
0.25935    2.82765000      2.78219970     
0.25995    2.84174000      2.76849784     
0.26056    2.80187000      2.75490642     
0.26117    2.86105000      2.74125506     
0.26178    2.79588000      2.72801279     
0.26239    2.74122000      2.71470516     
0.26299    2.74273000      2.70183612     
0.26360    2.75204000      2.68893666     
0.26421    2.72173000      2.67629679     
0.26482    2.71693000      2.66367036     
0.26543    2.56211000      2.65140853     
0.26604    2.71672000      2.63909209     
0.26664    2.61794000      2.62743395     
0.26725    2.64554000      2.61555386     
0.26786    2.76167000      2.60402261     
0.26847    2.77615000      2.59254896     
0.26908    2.65932000      2.58134083     
0.26968    2.67379000      2.57047322     
0.27029    2.75600000      2.55971331     
0.27090    2.67738000      2.54895459     
0.27151    2.60681000      2.53868361     
0.27211    2.64451000      2.52855062     
0.27272    2.52788000      2.51863361     
0.27333    2.55485000      2.50871087     
0.27394    2.53303000      2.49905533     
0.27455    2.52038000      2.48964493     
0.27515    2.56469000      2.48063851     
0.27576    2.51846000      2.47152754     
0.27637    2.55881000      2.46279879     
0.27698    2.50866000      2.45408225     
0.27759    2.55636000      2.44580651     
0.27819    2.47924000      2.43763540     
0.27880    2.49691000      2.42967989     
0.27941    2.40721000      2.42182609     
0.28002    2.41574000      2.41423501     
0.28063    2.35884000      2.40691302     
0.28123    2.31205000      2.39971665     
0.28184    2.27241000      2.39276337     
0.28245    2.35742000      2.38587055     
0.28306    2.36114000      2.37921131     
0.28367    2.37872000      2.37271952     
0.28427    2.37957000      2.36660204     
0.28488    2.35864000      2.36041985     
0.28549    2.32439000      2.35458305     
0.28610    2.30666000      2.34871854     
0.28671    2.31127000      2.34322544     
0.28731    2.28678000      2.33785145     
0.28792    2.19354000      2.33266074     
0.28853    2.21504000      2.32757444     
0.28914    2.18468000      2.32270966     
0.28974    2.28596000      2.31813548     
0.29035    2.36704000      2.31351811     
0.29096    2.36626000      2.30913991     
0.29157    2.31771000      2.30489539     
0.29218    2.30971000      2.30085843     
0.29279    2.30518000      2.29686612     
0.29339    2.17394000      2.29320643     
0.29400    2.30664000      2.28944643     
0.29461    2.21877000      2.28610046     
0.29522    2.28717000      2.28270207     
0.29583    2.26723000      2.27953601     
0.29643    2.23722000      2.27659026     
0.29704    2.30043000      2.27356022     
0.29765    2.27259000      2.27087158     
0.29826    2.25197000      2.26816483     
0.29886    2.27121000      2.26574362     
0.29947    2.21901000      2.26330271     
0.30008    2.26095000      2.26104414     
0.30069    2.27879000      2.25886848     
0.30130    2.32967000      2.25689774     
0.30190    2.18080000      2.25505663     
0.30251    2.24839000      2.25323768     
0.30312    2.27229000      2.25159404     
0.30373    2.28685000      2.24997749     
0.30434    2.25032000      2.24855994     
0.30494    2.31700000      2.24712820     
0.30555    2.27017000      2.24591917     
0.30616    2.26479000      2.24477672     
0.30677    2.20178000      2.24367101     
0.30738    2.24270000      2.24272991     
0.30798    2.20508000      2.24173370     
0.30859    2.28239000      2.24099049     
0.30920    2.13413000      2.24028256     
0.30981    2.19187000      2.23953230     
0.31041    2.21023000      2.23900384     
0.31102    2.20902000      2.23840968     
0.31163    2.16352000      2.23797534     
0.31224    2.26521000      2.23747989     
0.31285    2.26695000      2.23715640     
0.31345    2.19150000      2.23688968     
0.31406    2.26368000      2.23653477     
0.31467    2.16857000      2.23632833     
0.31528    2.28138000      2.23604729     
0.31589    2.20144000      2.23590439     
0.31650    2.24491000      2.23580006     
0.31710    2.29168000      2.23559613     
0.31771    2.27646000      2.23545337     
